30 18
1 1
2 2 2 2 2 2 2 2 2 2 2 2 2 2 2 2 2 2 2 2 2 2 2 2 2 2 2 2 2 2
2 0 0 2 0 0 0 0 0 0 0 0 0 0 2 1 0 0 0 0 0 0 0 0 0 0 0 0 0 2
2 0 0 2 0 0 0 0 0 0 0 0 0 0 2 1 1 1 1 1 0 0 0 0 0 0 0 0 0 2
2 0 0 2 0 0 0 0 2 2 2 2 0 0 2 3 3 3 3 3 3 2 0 0 2 2 2 2 2 2
2 0 0 2 2 2 0 0 2 0 0 0 0 1 2 3 3 3 3 3 3 2 0 0 2 1 1 1 1 2
2 0 0 2 0 0 0 0 2 0 0 1 1 1 2 2 2 2 2 2 2 2 0 0 2 1 1 1 1 2
2 0 0 2 0 0 0 0 2 1 1 1 1 1 2 0 0 0 0 0 0 0 0 0 2 1 1 1 1 2
2 0 0 2 0 0 2 2 2 1 1 1 1 1 2 0 0 0 0 0 0 0 0 0 2 1 1 1 1 2
2 0 0 2 0 0 2 2 2 2 2 2 2 2 2 0 0 2 2 2 2 2 2 2 2 2 2 1 2 2
2 0 0 0 0 0 0 0 0 0 0 0 0 0 2 0 0 2 0 0 0 0 0 0 1 1 2 0 1 2
2 0 0 0 0 0 0 0 0 0 0 0 0 0 2 0 0 2 0 0 0 0 0 1 1 0 2 2 0 2
2 2 2 2 2 0 0 2 2 2 2 2 0 0 2 0 0 2 0 0 2 2 2 2 0 0 2 0 0 2
2 0 0 0 0 0 0 2 1 1 1 2 0 0 0 0 0 2 0 0 0 0 0 2 0 0 2 1 2 2
2 0 0 0 0 0 0 2 1 1 1 2 0 0 0 0 0 2 0 0 0 0 0 2 0 0 2 1 1 2
2 0 0 2 2 2 2 2 1 1 1 2 0 0 2 0 0 2 2 2 2 0 0 2 0 0 2 1 0 2
2 0 0 0 0 1 0 1 1 1 1 2 0 0 2 0 0 1 1 1 1 1 0 2 0 0 0 0 0 2
2 0 0 0 0 0 1 1 1 1 1 2 0 0 2 0 0 0 1 1 1 1 0 2 0 0 0 0 0 2
2 2 2 2 2 2 2 2 2 2 2 2 2 2 2 2 2 2 2 2 2 2 2 2 2 2 2 2 2 2
26 5
1
9 13
1
27 8
4
28 1
28 10 
4 3
27 12